[N
57
41
8 mac_pipe
39
11 maxmin_unit
56
9 switchbox
57
22 switchbox_architecture
10
5 BWEBM
18
10 twos_compl
45
9 No_Select
30
12 conf_mul_beh
22
2 Nb
14
20 source_decoder_n_fsm
11
10 source_fsm
26
9 frac_part
2
13 data_crossbar
55
1 M
51
1 N
24
17 q_format_n_to_one
48
1 i
3
3 rtl
31
5 WIDTH
27
6 out_fp
5
10 sram_model
19
3 bhv
7
4 CEBM
29
9 structure
53
13 behaviour_rtl
6
4 WEBM
15
5 stile
42
11 squash_pipe
36
5 width
35
3 sim
37
11 adder_nbits
46
11 prioritymux
33
37 /home/ratnu/SiLagoNN/tb/vec_add/dware
28
11 squash_unit
9
4 BWEB
54
2 BW
20
7 b_width
12
8 POSITION
21
10 offset_gen
43
12 div_n_squash
8
2 DM
49
8 N_sel_in
25
10 structural
34
8 dw01_add
4
13 NumberofPorts
47
6 LEVELS
17
2 ID
16
8 behv_rtl
50
4 N_in
44
17 prioritycomponent
1
36 /home/ratnu/SiLagoNN/tb/vec_add/work
13
14 source_decoder
32
7 s_width
52
8 inputmux
23
13 frac_part_lut
38
8 select_w
40
4 nacu
]
[G
1
24
25
1
26
0
0
11
0
0 0
0
0
]
[G
1
18
19
1
20
1
0
16
0
0 0
0
0
]
[G
1
18
19
2
20
1
0
16
0
0 0
0
0
]
[G
1
28
29
1
26
1
0
11
0
0 0
0
0
]
[G
1
13
3
1
12
0
0
0
0
2 1
3
0
0
]
[G
1
13
3
2
12
0
0
0
0
2 0
3
2
0
0
]
[G
1
13
3
3
12
0
0
0
0
2 1
2
0
0
]
[G
1
13
3
4
12
0
0
0
0
2 0
2
3
0
0
]
[G
1
37
25
1
38
1
0
2
0
0 0
0
0
]
[G
1
24
25
1
27
1
0
11
0
0 0
0
0
]
[G
1
40
3
1
41
1
0
0
0
0 0
0
0
]
[G
1
40
3
2
41
1
0
0
0
0 0
0
0
]
[G
33
34
35
1
36
1
0
8
0
0 0
0
0
]
[G
1
24
25
1
22
1
0
16
0
0 0
0
0
]
[G
1
28
29
1
22
1
0
16
0
0 0
0
0
]
[G
1
46
3
1
47
1
0
2
0
0 0
0
0
]
[G
1
46
3
2
47
1
0
2
0
0 0
0
0
]
[G
1
52
53
1
54
1
0
16
0
0 0
0
0
]
[G
1
14
3
1
12
0
0
0
0
2 1
3
0
0
]
[G
1
14
3
2
12
0
0
0
0
2 0
3
2
0
0
]
[G
1
14
3
3
12
0
0
0
0
2 1
2
0
0
]
[G
1
14
3
4
12
0
0
0
0
2 0
2
3
0
0
]
[G
1
11
3
1
12
0
0
0
0
2 1
3
0
0
]
[G
1
11
3
2
12
0
0
0
0
2 0
3
2
0
0
]
[G
1
11
3
3
12
0
0
0
0
2 1
2
0
0
]
[G
1
11
3
4
12
0
0
0
0
2 0
2
3
0
0
]
[G
1
56
57
1
55
1
0
5
0
0 0
0
0
]
[G
1
21
19
1
22
1
0
16
0
0 0
0
0
]
[G
1
30
3
1
32
1
0
2
0
0 0
0
0
]
[G
1
30
3
2
32
1
0
1
0
0 0
0
0
]
[G
1
30
3
3
32
1
0
1
0
0 0
0
0
]
[G
1
15
16
1
17
0
0
1
0
0 0
0
0
]
[G
1
2
3
1
4
0
0
5
0
0 0
0
0
]
[G
1
40
3
1
42
0
0
0
0
0 0
0
0
]
[G
1
40
3
2
42
0
0
0
0
0 0
0
0
]
[G
1
46
3
1
49
1
0
4
0
0 0
0
0
]
[G
1
46
3
2
49
1
0
4
0
0 0
0
0
]
[G
1
52
53
1
55
1
0
5
0
0 0
0
0
]
[G
1
37
25
1
36
1
0
32
0
0 0
0
0
]
[G
1
39
19
1
22
1
0
16
0
0 0
0
0
]
[G
1
46
3
1
50
1
0
4
0
0 0
0
0
]
[G
1
46
3
2
50
1
0
2
0
0 0
0
0
]
[G
1
44
3
1
45
1
0
2
0
0 0
0
0
]
[G
1
30
3
1
31
1
0
16
0
0 0
0
0
]
[G
1
30
3
2
31
1
0
9
0
0 0
0
0
]
[G
1
30
3
3
31
1
0
8
0
0 0
0
0
]
[G
1
40
3
1
43
1
0
1
0
0 0
0
0
]
[G
1
40
3
2
43
1
0
0
0
0 0
0
0
]
[G
1
21
19
1
23
0
0
11
0
0 0
0
0
]
[G
1
46
3
1
48
1
0
1
0
0 0
0
0
]
[G
1
46
3
2
48
1
0
0
0
0 0
0
0
]
[G
1
46
3
1
51
1
0
4
0
0 0
0
0
]
[G
1
46
3
2
51
1
0
4
0
0 0
0
0
]
[G
1
56
57
1
54
1
0
16
0
0 0
0
0
]
[P
1
5
3
10
9
1
0
0
]
[P
1
5
3
6
7
1
0
0
]
[P
1
5
3
8
9
1
0
0
]
